location	infec	pos	vac
Andorra	148.0077	0.0469	62.45
Argentina	25.6936	0.0249	56.63
Armenia	647.5323	0.1258	7.12
Australia	78.9493	0.0121	63.45
Austria	386.6936	0.0107	62.58
Azerbaijan	205.6597	0.1727	42.82
Bahamas	114.4544	0.1352	30.95
Bahrain	31.541	0.0037	65.23
Bangladesh	1.7713	0.0161	12.38
Belarus	215.3337	0.0547	21.25
Belgium	496.531	0.0917	73.9
Belize	500.9869	0.123	35.69
Bhutan	0.288	0.0001	66.44
Bolivia	39.6146	0.0838	32.55
Bosnia and Herzegovina	194.7289	0.2453	15.57
Botswana	130.0646	0.1575	11.16
Bulgaria	644.4147	0.1375	21.81
Canada	65.3499	0.0285	74.16
Chile	87.2036	0.0282	78.75
Colombia	28.9127	0.0457	41.24
Costa Rica	121.316	0.2264	49.18
Cote d'Ivoire	0.7467	0.0091	3.25
Croatia	683.6409	0.292	43.98
Cyprus	161.5104	0.0029	63.51
Czechia	322.0171	0.0399	56.87
Denmark	220.5076	0.0171	75.78
Dominican Republic	71.4641	0.1611	48.57
Ecuador	15.0159	0.0895	57.63
Equatorial Guinea	21.0996	0.0493	13.07
Estonia	1109.0301	0.1756	57.24
Finland	98.4774	0.0486	68.58
France	79.6669	0.019	68.07
Gabon	65.3394	0.0429	4.27
Gambia	0.7057	0.0081	8.7
Georgia	1026.897	0.0672	22.79
Germany	179.792	0.108	66.17
Ghana	2.0933	0.017	2.62
Greece	320.0939	0.0166	61.38
Guatemala	53.3367	0.0978	17.8
Hungary	221.6347	0.1217	59.49
India	10.8219	0.012	23.15
Indonesia	2.5457	0.0045	26.07
Iran	117.7587	0.0934	38.91
Iraq	36.3186	0.076	8.14
Ireland	422.3584	0.0949	75.51
Israel	91.5281	0.0099	61.82
Italy	60.2216	0.0077	71.32
Jamaica	40.7413	0.1001	12.52
Japan	2.323	0.0065	71.52
Jordan	144.7766	0.0426	34.19
Kosovo	8.1993	0.0059	40.42
Kuwait	5.9646	0.0015	21.33
Laos	75.9757	0.1666	37.63
Latvia	1305.9283	0.1314	53.96
Liechtenstein	145.1094	0.0316	63.92
Lithuania	1055.3914	0.1419	64.13
Luxembourg	211.4389	0.052	5.97
Malaysia	178.0823	0.0474	75.36
Maldives	224.4966	0.0325	65.69
Malta	25.5843	0.0073	82.94
Mexico	26.7871	0.1857	42.95
Moldova	394.7007	0.233	21.5
Mongolia	463.4389	0.1891	64.25
Morocco	8.2323	0.0264	58.47
Mozambique	0.4591	0.0128	6.36
Myanmar	16.1371	0.056	10.4
Namibia	26.9523	0.0485	9.79
Nepal	18.8196	0.0784	22.4
Netherlands	324.6727	0.1586	68.61
New Zealand	19.0513	0.0041	60.86
Nigeria	1.0634	0.0177	1.41
Norway	132.1059	0.078	68.62
Pakistan	2.674	0.0143	17.77
Palestine	80.0071	0.0913	24.75
Panama	40.946	0.0282	54.12
Paraguay	5.6874	0.0226	32.71
Peru	25.6563	0.0413	46.84
Philippines	43.913	0.0955	24.14
Poland	143.2231	0.1189	52.78
Portugal	74.9796	0.0222	87.19
Romania	751.0704	0.2456	32.57
Russia	243.5374	0.0586	32.37
Rwanda	2.7791	0.0042	14.42
Saint Kitts and Nevis	185.2309	0.0442	45.35
Saint Vincent and the Grenadines	283.7396	0.0983	15.96
Saudi Arabia	1.3911	0.0011	60.62
Senegal	0.216	0.0029	3.29
Serbia	1003.1636	0.3041	43.67
Singapore	659.205	0.1557	85.95
Slovakia	731.7781	0.1027	42.32
Slovenia	892.9246	0.329	53.76
South Africa	6.8691	0.0153	19.48
South Korea	29.3617	0.0373	74.83
Spain	41.001	0.0223	79.83
Sri Lanka	30.581	0.1178	61.96
Sweden	65.757	0.0369	67.49
Switzerland	143.212	0.0653	63.61
Taiwan	0.2253	0.0003	31.57
Thailand	132.3836	0.2002	42.72
Togo	1.5886	0.0125	5.26
Tunisia	10.495	0.036	37.66
Turkey	324.2087	0.0778	57.1
Uganda	1.5294	0.0184	0.88
Ukraine	487.3319	0.3379	17.02
United Arab Emirates	9.5167	0.0003	86.52
United Kingdom	650.3679	0.0513	66.96
United States	216.3016	0.0513	58.05
Uruguay	52.45	0.0211	75.58
Vietnam	38.1843	0.0394	21.44
Zambia	0.755	0.0033	2.7
Zimbabwe	3.0101	0.0155	17.12
