location	infected_per_million	positive_rate	vaccinated_per_hundred
Andorra	-0.174365694	-0.35547083	0.792964394
Argentina	-0.612397211	-0.6409517	0.557804088
Armenia	1.614532144	0.667224609	-1.442674729
Australia	-0.421677799	-0.805908557	0.833369944
Austria	0.680416309	-0.823866818	0.798217115
Azerbaijan	0.0320977	1.275213716	-0.000196568
Bahamas	-0.29452675	0.789414862	-0.479810455
Bahrain	-0.591456394	-0.914768969	0.905291825
Bangladesh	-0.698067721	-0.754625674	-1.230141532
Belarus	0.066742237	-0.254756429	-0.871744297
Belgium	1.073766206	0.225488315	1.25560795
Belize	1.089723526	0.631308073	-0.288288144
Bhutan	-0.703379666	-0.961423431	0.954182541
Bolivia	-0.562543313	0.122367141	-0.415161574
Bosnia and Herzegovina	-0.007047896	2.216448973	-1.101247826
Botswana	-0.238623693	1.07748766	-1.279436304
Bulgaria	1.603367495	0.819221879	-0.849117189
Canada	-0.470380085	-0.59374183	1.266113393
Chile	-0.392117544	-0.59799997	1.451574871
Colombia	-0.600868813	-0.370652036	-0.064037338
Costa Rica	-0.269954085	1.971327906	0.256782735
Cote d'Ivoire	-0.701736918	-0.845157543	-1.599044211
Croatia	1.743844192	2.821290758	0.046673871
Cyprus	-0.126009761	-0.925321754	0.835794277
Czechia	0.448797026	-0.446558108	0.567501421
Denmark	0.085270859	-0.741851228	1.331570385
Dominican Republic	-0.4484836	1.12502152	0.232135349
Ecuador	-0.650636251	0.197347523	0.598209639
Equatorial Guinea	-0.628849248	-0.324738123	-1.202261702
Estonia	3.26724868	1.312055929	0.582451474
Finland	-0.351743597	-0.333624683	1.04065042
France	-0.419108032	-0.716857772	1.020043589
Gabon	-0.470417432	-0.407309121	-1.557830549
Gambia	-0.701883747	-0.857746848	-1.378833959
Georgia	2.973113396	-0.09202122	-0.809519749
Germany	-0.060539782	0.436544212	0.943273042
Ghana	-0.696914575	-0.742591777	-1.624499708
Greece	0.441909354	-0.747405338	0.749730454
Guatemala	-0.513401563	0.303801161	-1.011143447
Hungary	0.089307384	0.613720092	0.673363963
India	-0.665655807	-0.807204514	-0.794973751
Indonesia	-0.695294337	-0.905141846	-0.676989543
Iran	-0.282693439	0.247704716	-0.158182271
Iraq	-0.574346951	0.021467613	-1.401461068
Ireland	0.808139328	0.266588667	1.320660887
Israel	-0.376630385	-0.835160153	0.767508897
Italy	-0.488745506	-0.862930677	1.151361629
Jamaica	-0.558508323	0.334348727	-1.224484755
Japan	-0.696091922	-0.8792227	1.159442739
Jordan	-0.185937066	-0.411196993	-0.348896471
Kosovo	-0.675047762	-0.886257908	-0.097169889
Kuwait	-0.683050723	-0.944020565	-0.868511853
Laos	-0.432326756	1.195604913	-0.209901376
Latvia	3.972380485	0.739983357	0.449921268
Liechtenstein	-0.184745037	-0.553937422	0.852360553
Lithuania	3.07515767	0.875318324	0.860845719
Luxembourg	0.052793971	-0.288636459	-1.489141113
Malaysia	-0.066662612	-0.348250494	1.314600054
Maldives	0.099556269	-0.54134813	0.923878378
Malta	-0.612788585	-0.867929366	1.620874129
Mexico	-0.608480912	1.443688163	0.005056154
Moldova	0.709091497	2.056305678	-0.86164291
Mongolia	0.955256595	1.488120979	0.865694385
Morocco	-0.674929583	-0.620771792	0.632150302
Mozambique	-0.702766769	-0.796836856	-1.473382948
Myanmar	-0.646620701	-0.237871959	-1.310144523
Namibia	-0.607889502	-0.334180105	-1.334791909
Nepal	-0.637014386	0.052570588	-0.825277914
Netherlands	0.458307161	1.092668867	1.041862586
New Zealand	-0.63618457	-0.910510816	0.728719568
Nigeria	-0.7006027	-0.733705217	-1.673390424
Norway	-0.231313439	0.047201618	1.042266642
Pakistan	-0.69483492	-0.778323173	-1.012355614
Palestine	-0.4178894	0.219934205	-0.73032487
Panama	-0.5577752	-0.59799997	0.456386156
Paraguay	-0.684043227	-0.669833042	-0.408696686
Peru	-0.612530738	-0.428044438	0.162233746
Philippines	-0.547149777	0.274549551	-0.754972256
Poland	-0.191500205	0.577248148	0.402242718
Portugal	-0.435894144	-0.67483173	1.792597719
Romania	1.985323034	2.219781437	-0.414353463
Russia	0.167745404	-0.203288419	-0.422434573
Rwanda	-0.694458383	-0.909214859	-1.147714209
Saint Kitts and Nevis	-0.041062142	-0.390646804	0.102029476
Saint Vincent and the Grenadines	0.311717353	0.311391764	-1.085489661
Saudi Arabia	-0.699429089	-0.948278718	0.719022236
Senegal	-0.703637512	-0.925321754	-1.597427989
Serbia	2.888119219	2.977916449	0.034148151
Singapore	1.656334479	1.054530697	1.742494836
Slovakia	1.916233483	0.368043616	-0.020399343
Slovenia	2.493331216	3.300609813	0.441840158
South Africa	-0.679811271	-0.765178459	-0.943262122
South Korea	-0.599260854	-0.479882729	1.293185112
Spain	-0.557578234	-0.67464659	1.495212866
Sri Lanka	-0.594894347	0.563548026	0.773165674
Sweden	-0.468922025	-0.484696277	0.996608369
Switzerland	-0.19154011	-0.117014689	0.839834833
Taiwan	-0.703604258	-0.959016644	-0.454759013
Thailand	-0.230318888	1.63160197	-0.004237123
Togo	-0.698722058	-0.800539587	-1.517829054
Tunisia	-0.666826348	-0.496359893	-0.208689209
Turkey	0.456645484	0.045165112	0.576794697
Uganda	-0.698933861	-0.724078107	-1.694805366
Ukraine	1.040822227	3.416135152	-1.042659777
United Arab Emirates	-0.670329786	-0.959016644	1.765526
United Kingdom	1.624686895	-0.298078428	0.975193428
United States	0.070208328	-0.297893301	0.61517997
Uruguay	-0.516577065	-0.689642669	1.323489275
Vietnam	-0.567665454	-0.452112218	-0.864067243
Zambia	-0.701707245	-0.920323066	-1.621267264
Zimbabwe	-0.693631125	-0.762586545	-1.038619222
