year	month	num
2020	Jan	 4,036,761.00 
2020	Feb	 2,248,940.00 
2020	Mar	 814,235.00 
2020	Apr	 5,199.00 
2020	May	 10,685.00 
2020	Jun	 14,556.00 
2020	Jul	 16,412.00 
2020	Aug	 20,092.00 
2020	Sep	 21,125.00 
2020	Oct	 27,851.00 
2020	Nov	 26,582.00 
2020	Dec	 32,353.00 
2021	Jan	 30,172.00 
2021	Feb	 24,313.00 
2021	Mar	 30,674.00 
2021	Apr	 29,949.00 
2021	May	 23,951.00 
2021	Jun	 23,707.00 
2021	Jul	 36,431.00 
2021	Aug	 30,061.00 
2021	Sep	 36,387.00 
2021	Oct	 53,917.00 
2021	Nov	 139,959.00 
2021	Dec	 303,123.00 
2022	Jan	 192,678.00 
2022	Feb	 208,017.00 
2022	Mar	 292,419.00 
2022	Apr	 444,414.00 
